# Times (BJD) 	 Diff. Mag. 	 Diff. Mag. Err.
2459628.545206418	-0.0007682377568224484	0.004101664298333211
2459628.5459818863	0.003537636954184902	0.004119355671853604
2459628.546745781	0.001689198090118861	0.004159887204342167
2459628.547521249	-0.0012166581782446933	0.004167142543564466
2459628.5482967175	-0.0019790796355243718	0.004212244824090818
2459628.549060612	-0.005129545402880482	0.004248788374645562
2459628.5498360805	0.0029843321691319456	0.00428518666200115
2459628.5506115486	-0.006202427669020706	0.0042913172883106135
2459628.551375443	0.00875529485207071	0.004389737411341125
2459628.5521509117	0.0011686776786030304	0.00435565034207988
2459628.5529148057	-0.0034615348884007545	0.00437885909839089
2459628.5536902742	-0.002793230504498628	0.004406107752638168
2459628.554465743	-0.007991538769270732	0.004466483680093345
2459628.555229637	-0.00637730002607536	0.00443488249213435
2459628.5560051054	-0.012726763893071046	0.004486665123089867
2459628.556780574	-0.006647466416716697	0.004537797092392103
2459628.5575560424	0.005349709048435602	0.004502564962899284
2459628.5583199365	0.0006025505797778482	0.004494036491816447
2459628.559095405	-0.008888472028493903	0.004506397205096022
2459628.5598708736	-0.003642433215871232	0.004466808221231375
2459628.5606463416	-0.00840082538823927	0.00456803988749412
2459628.56142181	0.0006805577380424911	0.004551892237927106
2459628.5621857047	0.001959884877180055	0.004569324520669544
2459628.5629495988	-0.00425913918394592	0.004602469768888758
2459628.5637250673	-0.00036234460477113824	0.0046627327097333825
2459628.5645005354	-0.014118221936395186	0.004676964948517813
2459628.56526443	-0.0033093477622416546	0.004584796409124457
2459628.5660398984	-0.0014186350702486783	0.004767587767689996
2459628.5668037925	0.0016161476400031868	0.00481032847200136
2459628.567579261	0.011281974629013227	0.004847399297306946
2459628.568354729	-0.004889774517445309	0.0047933455662552815
2459628.5691301976	0.000529758285472526	0.004887435126146685
2459628.569905666	-0.0038604601978230882	0.004807814981356719
2459628.5706811347	-0.0016316784414129666	0.004859843822688675
2459628.571456603	-0.0005642543867035589	0.004822462883437032
2459628.5722204973	-0.0021293023976100035	0.004854375845237931
2459628.5729959654	-0.010364943007886387	0.004852293922942699
2459628.573771434	-0.010995380407201778	0.0048303245292218916
2459628.574535328	0.00023309178575477965	0.0048154242049745855
2459628.5753107965	-0.002278026560717264	0.004863104397022953
2459628.576086265	-0.012585594355162658	0.004890548217346097
2459628.576850159	-0.002474576087819575	0.004889126751957975
2459628.5776256276	-0.009845314434207353	0.0048807354825001785
2459628.5784010957	-0.011531656881858766	0.004827721254642229
2459628.5791765642	-0.00541858247928706	0.004851529898527379
2459628.5799520323	0.004557204372921561	0.004814339670972897
2459628.580727501	-0.00720710645954547	0.004864769218384453
2459628.581491395	-0.006221997904781246	0.0048661412420881265
2459628.5822668634	0.002654319467973332	0.004866964041535954
2459628.5830307575	-0.0032174625512694363	0.004921686134727985
2459628.583806226	0.0032721472150601463	0.004843913810677824
2459628.584581694	-0.0009105952574136124	0.004814748476323262
2459628.5853571626	0.0007990584742638294	0.004811471489318752
2459628.5861210567	-0.004262038058573514	0.004805150858704281
2459628.586896525	-0.008408155183391608	0.004844334084914391
2459628.5876604193	-0.0048384811263862	0.0048005224916325435
2459628.588435888	0.00011714551351171881	0.004850921414393981
2459628.589211356	-0.010359226099970049	0.005042683753452043
2459628.58997525	-0.0039614798386738625	0.0047939104597088614
2459628.5907507185	-0.006303763489903021	0.004852200451803854
2459628.591526187	-0.0053703685832139705	0.004809237147530735
2459628.592290081	-0.0098663607477791	0.004821274657475126
2459628.593065549	0.012896609404923548	0.004905915778453748
2459628.5938294437	-0.005461409619436628	0.00482547930106459
2459628.5946049117	0.007465675788829113	0.004850347613510557
2459628.595368806	0.0030870803884542317	0.004865610804481059
2459628.5961327	0.0003186904133533989	0.0048497789299843715
2459628.5969081684	-0.002904382875499004	0.004833315676890949
2459628.5976836365	-0.00890441098621134	0.004876603838909116
2459628.598447531	-0.00345517808559634	0.004879178859144693
2459628.599211425	0.0018591413968250606	0.004869308327673968
2459628.599986893	0.00309808653151054	0.004910274527094528
2459628.6007623617	-0.0003263387702556302	0.004879931698470584
2459628.6015378297	0.0011877405692745035	0.004867061437079091
2459628.602301724	-0.0036607614896255708	0.004910683894287848
2459628.6030771923	0.0010622533153527179	0.004850780623439201
2459628.6038410864	-0.0049914855794580765	0.00486620030136878
2459628.6046165545	-0.003363333306445889	0.004903813745685397
2459628.605392023	-0.001581097989706015	0.004918316284848509
2459628.606167491	0.002739692186341887	0.004963847183447669
2459628.606931385	0.0020161095617267687	0.004925586092861894
2459628.6076952796	-0.002690275660115616	0.004894290691508859
2459628.6084707477	-0.01218275408502106	0.00486418458735704
2459628.609234642	0.002114058674732749	0.004918716855222743
2459628.6100101103	-0.003268618771775538	0.004915554395281603
2459628.6107740044	-0.0030477564626170597	0.004688849514347035
2459628.6115494724	0.0015625267120481414	0.004925360282608639
2459628.6123133665	0.0006129016704149005	0.004938734046981679
2459628.6130888346	-0.010957103138710417	0.0049339471647484754
2459628.613852729	0.007774248168090068	0.0049452619922619925
2459628.614628197	0.004499763293915637	0.0049617399817995875
2459628.615403665	-0.0024132295544132716	0.004957775904453982
2459628.6161791338	-0.010770332125037663	0.0049960472851370815
2459628.616943028	-0.007230196475429756	0.004989866996856975
2459628.617718496	-0.002053887710756857	0.005015770183507176
2459628.6185055384	-0.0013232613319585861	0.00501171943159563
2459628.6192694325	-0.0021972512043427483	0.004763092496195329
2459628.6200449006	0.0038707673052556695	0.005040523361326914
2459628.6208203686	-0.00521105572171323	0.005032915310218443
2459628.621595837	-0.002163547383474394	0.005051772649083427
2459628.6223713052	-0.0018646330811445048	0.005176352273385298
2459628.6231467733	-0.0027068003792384047	0.00509289646816586
2459628.623922242	-0.00427912287282144	0.005100423688309936
2459628.62469771	0.004486422447658138	0.005101691689979439
2459628.625473178	0.0036094199424756964	0.005121089109614639
2459628.6262486465	0.002036294342541151	0.005037821586555723
2459628.6270241146	-0.0060648168417038436	0.005120655843146714
2459628.6277995827	-0.003508888339744134	0.004974333677680701
2459628.6285750507	-0.009080955869565206	0.005003645139838865
2459628.629338945	-0.00440976707914402	0.005020458729713803
2459628.6301144133	0.004740653167403545	0.005029257466622637
2459628.6308783074	-0.007776159905859974	0.005039007758817134
2459628.6316537755	0.0012123789694044084	0.005010817114789733
2459628.6324292435	0.004007580581014621	0.004793453989063597
2459628.6332047116	0.005509033187987073	0.004855801253647455
2459628.6339686057	-0.00549498441515308	0.0050617770778080586
2459628.634744074	-0.005378699110122379	0.005076310345981585
2459628.6355195423	-0.005811926435335634	0.005082440082238691
2459628.6362950103	0.0007520149504383536	0.005145623476644697
2459628.6370589044	0.0018095952578527645	0.005154790994570593
2459628.6378459465	0.001145696913897619	0.005155532704338537
2459628.6386098405	0.0037877131123621554	0.005172333415194254
2459628.639385309	-0.0025272378196332253	0.005159358969227009
2459628.640160777	-0.008570416787940165	0.005121681694236609
2459628.640924671	0.0022349170380992892	0.005157133829879406
2459628.6417001393	-0.006436098699419275	0.005179928431577582
2459628.6424640333	0.0018416004215835832	0.00517348244999086
2459628.6432395014	-0.031816468920326864	0.005048183205669372
2459628.6440033955	0.006459587632946568	0.005171839723619873
2459628.6447788635	-0.005243666114467447	0.005109379412459385
2459628.6455543316	0.0023095281983609183	0.005117417568229012
2459628.6463297997	0.0029468865269056546	0.00514882834721698
2459628.6471052677	-0.007689679459975484	0.005112610869925306
2459628.6478807363	0.002481638930495509	0.00517670977001863
2459628.6486562043	0.0005290349432061829	0.0051997574235721575
2459628.6494200984	-0.0037635081053000938	0.005246909506342572
2459628.6501955665	-0.0034800989569333867	0.005335345368654606
2459628.6509710345	0.009303047156218627	0.005360826814009333
2459628.6517465026	-0.0011892508790811384	0.005316545982712768
2459628.6525219707	-0.00238135357728095	0.0052897981139954356
2459628.6532974388	-0.0012547783781402045	0.005326491356452264
2459628.6540844813	-0.0020515919833651187	0.005347522337831387
2459628.6548599494	0.004335004213969258	0.005314275001177821
2459628.655623843	0.011184173721532048	0.005371321531756997
2459628.6563993115	0.003303926840780031	0.0053704920123009816
2459628.6571747796	0.002544207404133443	0.0052720055061340875
2459628.657938673	0.001894547538314395	0.005300759292999794
2459628.658702567	0.008334389696044149	0.005354936174852985
2459628.6594780353	0.006262958736683233	0.005358065198283497
2459628.6602419293	-0.003245527648587095	0.005342470500639926
2459628.6610289714	-0.003622050719272031	0.005390919750501216
2459628.6617928655	-0.002989969881726933	0.005380657282409278
2459628.6625683336	0.003138135645051308	0.005380203363560463
2459628.6633438016	-0.007244536458431618	0.005372987329668464
2459628.6641076957	0.005107586225152121	0.005223213445454092
2459628.664894738	0.0020005676371909944	0.005380232612247347
2459628.665658632	-0.0004594663867972559	0.005436863279678811
2459628.666422526	-0.003048858576441796	0.005455970860401399
2459628.667197994	-0.004999508906993194	0.005393773950160309
2459628.667973462	0.00571406785428555	0.005404070356404068
2459628.6687373556	0.0031307932794999464	0.005446470075964697
2459628.6695128237	-0.0037581284734286052	0.0054159184375763975
2459628.6702882918	0.001799916322814035	0.005463098119109891
2459628.67106376	0.006364334856039003	0.005376825848810732
2459628.671827654	-0.0025971187269170897	0.005461838671501201
2459628.672603122	-0.00017198071127042466	0.005506568096659093
2459628.67337859	-0.0008081559664970222	0.005456078658359603
2459628.674142484	-0.002866336490684148	0.005507649835678761
2459628.674917952	-0.007697679769711666	0.005464871534392672
2459628.67569342	0.002349459905782319	0.005497844801212149
2459628.676457314	-0.00889465133039892	0.00513152989134614
2459628.677232782	-0.0025421081589162816	0.005221145207195136
2459628.67800825	0.0009786623926538508	0.005433011816192876
2459628.678772144	-0.002689654055273688	0.005520225155124403
2459628.679547612	0.009663240603393073	0.005451012678446718
2459628.6803115057	0.013718313544310336	0.005465019312342458
2459628.6810869738	-0.0009532573405159764	0.0054699282337425225
2459628.681850868	0.006200622820350927	0.005442392720961649
2459628.682626336	-0.0010403203137050595	0.005419880047456929
2459628.6833902295	0.00042624785733627244	0.005511114032411231
2459628.6841656975	-0.0020340802005478576	0.005529037835264717
2459628.6849411656	-0.003383348321591471	0.005503734737981933
2459628.6857166337	-0.001281977997935306	0.005521455265733357
2459628.6864921018	0.009705181352974762	0.005593711258075717
2459628.68726757	-0.012605997271965274	0.005552806857167211
2459628.688043038	-0.008344008532130865	0.005537755500788296
2459628.688818506	-0.0027724961736771757	0.005573064841480989
2459628.6895823996	0.006412496266272644	0.005531657154470118
2459628.6903694416	-0.004534850759926125	0.005529913303826545
2459628.6911449097	0.006423132000758061	0.005498105580613939
2459628.691920378	0.014418336923418323	0.0056045133799267465
2459628.692695846	0.0048120851906220796	0.00562279851438879
2459628.693471314	-0.009784889563042645	0.005594456486044764
2459628.694246782	0.000979076840761393	0.005559537946690979
2459628.6950106756	0.0012222112947946767	0.0055187990542986875
2459628.6957861437	-0.006623789857633337	0.005505950134063247
2459628.6965616117	0.006425069751128399	0.005564078335732513
2459628.6973255053	-0.004311194446082447	0.005611131213419107
2459628.6981009734	0.00023073827646272833	0.005601779807127857
2459628.6988648674	0.0018023567479188032	0.0056235783049949604
2459628.699640335	-0.0024741286371999446	0.005660736031714188
2459628.700415803	-0.009444302795707616	0.00558267697583413
2459628.701179697	0.0017509894679349424	0.0056368888745061685
2459628.7019551652	-0.0005900078327615966	0.00558987751185955
2459628.702730633	-0.0025585488868947147	0.0055649011282637925
2459628.703506101	0.00870612198335687	0.005570614957840514
2459628.704269995	-0.0023091148318162046	0.005512739033537085
2459628.705057037	0.00018029231749145785	0.005524061342138536
2459628.7058325047	-0.002646655609275296	0.005567597798713357
2459628.7065963987	-0.003310359395470187	0.005556081417487347
2459628.707371867	-0.0013237167672345215	0.005009755709590873
2459628.7081357604	-0.00879223848822294	0.0056340217726931425
2459628.7089112285	-0.005278122453788498	0.005655308462791746
2459628.7096866965	0.001013514495340744	0.005692362416349716
2459628.710462164	0.001238242549137352	0.005706303614015676
2459628.711226058	-0.004888775291160782	0.005667019270342489
2459628.7120015263	0.00783097876889334	0.0056666553054638006
2459628.712776994	0.0023119861327198085	0.005638378463276445
2459628.713540888	-0.004481105886115455	0.00568899361726728
2459628.7143163555	-0.0045672929114934264	0.005645814312357041
2459628.7150918236	-0.004593894691723452	0.005618418337375958
2459628.7158672917	0.004244474036865355	0.005676542603426368
2459628.7166427597	0.008635626707279666	0.005680070649985331
2459628.7174182273	0.0005771494314180088	0.005654827218916357
2459628.7181821214	0.0009989721046519836	0.005632696303139063
2459628.718957589	0.0019450484140045088	0.00564809312602503
2459628.719733057	0.002482108043094308	0.005733368926739048
2459628.720508525	-0.0006281103754450757	0.00574457579604907
2459628.721283993	0.0002488950176360839	0.005729865538709618
2459628.722059461	-0.0039020669090240054	0.005458375814665182
2459628.722823355	0.0024461715533318717	0.005505766947667635
2459628.7235988225	-0.007896366796047181	0.005751013054963227
2459628.7243742906	0.00776975477915179	0.005863803287474865
2459628.725138184	-0.006931021262884051	0.005736317185153785
2459628.725913652	0.0005312982341759959	0.0054875771922760705
2459628.7266891203	-0.000448764927522506	0.005707786936513377
2459628.727464588	-0.009231094690502808	0.005860316092758841
2459628.728240056	-0.00019008105609658664	0.0059105557183351705
2459628.729015524	0.0021605552725419957	0.005950106435032918
2459628.7297794176	-0.004670163377021039	0.005643261266610102
2459628.7305548857	-0.009251634076422268	0.005939950433057516
2459628.7313303533	-0.0020947482381422555	0.005859549911932399
2459628.7321058214	-0.0058970025285428555	0.005816088603250897
2459628.732869715	-0.010108047436203388	0.005805201227763082
2459628.7336336086	0.0065134259219552714	0.005874479466109933
2459628.7344206506	0.001257286302659712	0.005878959902751062
2459628.7351961187	-0.004512120675286765	0.005625935679396961
2459628.735971587	0.005694821129076746	0.006023584393647889
2459628.7367586284	0.006786475698160219	0.005947188771548206
2459628.7375225225	8.264353412619671e-05	0.0056077296824056915
2459628.7383095645	-0.00024773695327325566	0.005959951771121207
2459628.739073458	-0.007164155134893912	0.0060316584314339065
2459628.739848926	0.0005595364828528165	0.006020902433924591
2459628.740635968	0.00423438374023601	0.0060154622869673085
2459628.741411436	-0.007586695631491805	0.006016584677428034
2459628.742186904	-0.00903588250445657	0.006037021852861967
2459628.7429623716	-0.0006908639578208634	0.006083876074777272
2459628.7437378396	0.010424911719020661	0.006105927386116484
2459628.744513307	-0.0021276970604898887	0.006078680934560514
2459628.7452887753	0.005017606451455686	0.006103524857640603
2459628.746064243	-0.002457410091858117	0.006209665998570844
2459628.746839711	0.004023114715563006	0.0061691659073161405
2459628.747615179	0.0013316576983028194	0.0060524178835857905
2459628.7483906467	-0.005703070681343454	0.006095221608532284
2459628.7491545402	0.010428560812908938	0.00604851397403857
2459628.7499300083	-0.005245592381741998	0.006045616318887596
2459628.750705476	-0.0001075332039704634	0.005777576630201544
2459628.751480944	-0.002134888857605914	0.006117845253358314
2459628.7522564116	0.0018946241842710484	0.006099593727154884
2459628.7530318797	-0.0016931762138988845	0.00619596311025737
2459628.7538073477	0.003337529013200046	0.006333129888373074
2459628.7545828153	0.006786943800029326	0.006335018614571793
2459628.7553698574	0.0004414568700746399	0.0063301449019745985
2459628.756145325	-0.002028750853039009	0.006300804191593568
2459628.756932367	0.01089614972049957	0.006374947207453947
2459628.757707835	-0.0065995794570893156	0.006482817514034215
2459628.758471729	0.0003874042384175412	0.006260416663871736
2459628.7592471964	0.0023116298636983407	0.006328658732428932
2459628.7600226644	-0.009219043500054208	0.006254471102911299
2459628.7608097065	-0.003483204031305089	0.0063044181321485464
2459628.761585174	0.0026562408747640917	0.006482382209751534
2459628.762360642	-0.006698000123062787	0.006494869936797584
2459628.76313611	-0.009660455870368451	0.006471343282252038
2459628.763911578	0.00508982473702567	0.006444320670203289
2459628.7646754715	0.00035729579088656033	0.00642618084823516
2459628.765450939	-0.003201478541216152	0.006412655260736965
2459628.766226407	0.003421764164859386	0.006420456227578522
2459628.7670134488	-0.00868821180290271	0.006414149101970686
2459628.767788917	0.0014619523953371353	0.00638200829429171
2459628.7685643844	-0.00885190910920087	0.0063282438560949145
2459628.7693282785	-0.003397367120270045	0.006425586462965641
2459628.770103746	-0.006031697540318518	0.006370087820150692
2459628.7708792137	-0.0036425983550801297	0.006460060184281531
2459628.7716431078	0.007581398589002855	0.00644470016149582
2459628.7724301494	-0.0009226263601086685	0.0064099243143267825
2459628.7732056174	0.010744681440791302	0.006495401730288287
2459628.773969511	-0.004494819469087003	0.006553124400066294
2459628.7747449786	-0.008566445765324948	0.006592600578400093
2459628.7755204467	8.207331017717817e-05	0.00663024087649744
2459628.7762959143	0.005176296952207102	0.006651980653362924
2459628.7770713824	-0.0010371847366443794	0.00654789763163996
2459628.77784685	0.006211727297772431	0.006243328534930756
2459628.778633892	-0.004787590200548552	0.0065558810139190096
2459628.7794093597	0.0022643033734634035	0.006712393447122367
2459628.7801848277	0.007383498609747888	0.006599066746491815
2459628.7809602953	0.005697161222860012	0.0067576233983901056
2459628.781735763	-0.005491432362157192	0.00662840327572959
2459628.782511231	0.008214622312641345	0.00678324451328014
2459628.7832866986	0.007284678424255411	0.006737663444087124
2459628.7840621667	0.0029649342517893695	0.006798826648714758
2459628.7848376343	0.005400256444196521	0.006741038109720189
2459628.7856131024	-0.005838901544631032	0.006732735961360369
2459628.78638857	-0.0033800632256504723	0.006705715451806164
2459628.7871640376	-0.006982857048232904	0.0065604766372542355
2459628.7879510797	0.00042262168975441415	0.0067517384674975756
2459628.7887381217	-0.004543175773519398	0.006691706486940254
2459628.7895135893	0.0023735220410927398	0.006729558580926987
2459628.790289057	-0.010883055092261402	0.006688626074230527
2459628.791064525	-0.0057240385954235055	0.006565443171699787
2459628.7918399926	0.007932687287908437	0.006779019018037616
2459628.7926270347	-0.003152776125638466	0.006718986117043728
2459628.7933909283	0.0064992311090840745	0.00677407832508705
2459628.7941779704	0.002257197991441693	0.006828864829683648
2459628.794953438	-0.0008797205207480582	0.006732880141966973
2459628.7957289056	-0.0036978652199296134	0.006753321773693179
2459628.7965043737	-0.0020794696161640525	0.006697030653277713
2459628.7972798413	-0.012183311907857252	0.006769687208705435
2459628.798055309	-0.012477658024078532	0.006815905628676366
2459628.798830777	-0.009045762850772902	0.006861038639985494
2459628.7996062445	0.0033545095099672033	0.006893570242382099
2459628.8003817126	0.00783762815904126	0.006903523694685389
2459628.801168754	-0.004864407913236919	0.006961444594127029
2459628.8019442223	-0.011456819955661354	0.0068868255205923904
2459628.80271969	0.0007949570346458862	0.006994627862427344
2459628.8035067315	0.0059030086360176365	0.007088681047495324
2459628.8042821996	-0.0015474676592152875	0.007066840473237411
2459628.805046093	-0.004117834318140233	0.006959999101501589
2459628.805821561	-0.008743604232097168	0.00694815755454483
2459628.806608603	0.007503032303013109	0.006945441292846738
2459628.8073956445	0.0031639334812171025	0.0070357613907359685
2459628.8081711126	-0.010061302429847731	0.006918968898097612
2459628.80894658	0.0031769313542385964	0.006951409901919188
2459628.8097220478	-0.01705360889257206	0.006961464252077292
2459628.810497516	-0.001256279568348968	0.006930049648074861
2459628.8112614094	-0.0030359240251771674	0.0069251003851285905
2459628.812048451	-0.009541182662498641	0.006969599672192935
2459628.812823919	-0.007711213207161595	0.00698056480736818
2459628.8135993867	-0.009774134837213799	0.006929145510970846
2459628.8143748543	0.012869591987594815	0.006997908256324938
2459628.815138748	0.0012261612262019315	0.007047505042306801
2459628.815914216	0.008036589784295885	0.007073254580991741
2459628.8166896836	-0.0014474498311164712	0.00712180612908335
2459628.817465151	0.0036702321483315925	0.007136624638049465
2459628.8182406193	0.003372195594123507	0.007140622960459865
2459628.819016087	0.010858146197001966	0.007183103479086474
2459628.8197799805	-0.01643230304648934	0.007137665769609265
2459628.8205670225	0.0020572057384321083	0.007141475720821677
2459628.821330916	-0.009803836578996727	0.007152778298887239
2459628.8221063837	0.0006940306259276729	0.00715713615646229
2459628.8228818513	0.0034574845234561923	0.007153926357341225
2459628.8236573194	-0.002892815350249269	0.007182759087765305
2459628.824432787	-0.0006751925956772631	0.007088168452084555
2459628.8252082546	-0.0007941061557398722	0.007229588550191849
2459628.825972148	0.00887271728096989	0.007219018333354977
2459628.8267707643	-0.006154082588080953	0.007291627311099551
2459628.827546232	0.000785607806539444	0.00734860264264648
2459628.828333274	0.0010148284378012767	0.007378549102556541
2459628.8291087416	-0.0046375266318602025	0.007334905264256646
2459628.829884209	-0.007539356059727952	0.007297479392738478
2459628.8306596773	0.000675612742609885	0.0073797551234696685
2459628.831435145	0.008228092901557963	0.007363336617814884
